$ANSIBLE_VAULT;1.1;AES256
34356534373664366462363535373337306238346532393939383765613937643839626665303963
3635386134313835656563616364333463393530393232610a396461623738366630613830393836
32623262323263323966666166363264313663623736393137646339336263306232656238383466
6238653633383561660a613137643633303236343534613535663363346137643531303032376132
39333933626438353362366364633663643534393330653265363961393661396163373730393866
64313932343634636130643263303261313937396561313865646666333562353431643134303462
38666261653566663634663963353962613833646630383162326665326538613630366539333161
61336262323563303164363232613266616230343466666464373939363565656165346132643430
37653532323837333837633465353930306564313933653466386635396238373537613762376231
38663034633039343761313164653036346134643761623964363739326462303935666137316630
62656539343666613331343463303262343739343566333138383762326662626335633666376465
38623933636562353066653439323366323764616465363138326333663832356562326333376438
34643163306564363733663636356134393662646439393532663435666636353131326230383764
64633363353430353338373937353666383432666334663039363530313333623938303336326432
38306632373463633230303563616164313131363266333237383766386132663966643535653133
66636361623864623134326637326464346238646366303139633865346361643432376665393065
62353232383561353433356638323761353138633732383164656164326139363762633638376465
31356139633238653462656237313632366465666639323764356430626165346634326337346332
62303063343336393763336337363432613866353165393437336635313962636263333939326361
34363738333238643130623430393064663332346630646561656634343933633765323664353061
66323063356236313239633831376638376137366463356637306164323333356263656364316538
63356239303935346432643663343830313861353262356339393661336534346134616662633663
64316364353963366261333332363261643666366235326237373830393163623935386135346436
31336661633233353761643135303465326432323763666261373539626136396562303065303862
66373537386330306437613830663137333431346530616330356434666536386563333834343839
62313531333632356536656663313737313662323961633833373662616431343430356136623337
33303833663833393135656634663531386131613437333836353631363363646333643534313832
30316530313561323331393033616336363261326536303666623161386161356139666438336531
32313130373034353166303863353764323134376430373133343634383865653263363739643761
61373934633336666366653361653633373137333435383966303661373937643230616263386136
61386432353330386538346130326266306261633866633764386263623338303864396362616166
66393531373037316163323663663634633030633735353136653037633063333164613765306537
64373538366634356562613935313931306366313337383062646532643762656133356235373432
63323739306137343131363532366363376531643032666130626636353564663363666364373430
37663766623566613939316538303964663664633934623537343132333734666361623330303863
66383039633233633561653733653232636662323130326262643938353834303964313039316463
62663065366536313433363364626164393431393964656137393763323836393238666239653133
61396437313164383130323065363365626537313832313031653539346261626134663130323562
66663733343730303931313366336164366233303034373966616136653635343962393263626430
31316339623634396231326134356665323231366138383031656563633331333434633034393338
34666337636231323063623439646366656333323932313633626536366332666431356361373036
62663631363633396139633933623938323662376134393233333332353633363732626166643631
30356133623238663437323166323538633563643334626533366662336634376562633563346132
37653832633439623832643236613763636539666363616165363439656566656338346364303130
63623538376336393531363062353839373865346338373639636136386236393236386533323331
35383832633532376231653761326433303737343164646139303164616364613330386331653066
63646531356432383733656461643039653961376566326230353663343265613831666233626334
37383531363639363639313963626239336164326137333366313164303838383862616234623265
37326665646263613563356465633263353733303364313064613033333033396331623737663936
30353933353333613532383335623261326464333139366637636336613336316330393137613531
61636261373037366133363738373632626361343130346336333066646663393464363461656266
66333462323562333236643436343763363362376363386563386334666136393662323038303230
64623430643862303436383333613964353132336437393531326533616261323739393166313665
34356330346565633165626465653630663062633034613538636234323161626663316630643466
31393137306162363430666439313665396232623331383164633835303966343839343762393561
35623962353139633734663463323838326538313831396433623737396534623164623233663064
36613864393331666562313132636138656363666336366530343761626262643834343162633962
33623231333237323631633631333863616334323165313637623730633933646663356161366639
62643430633139353031383938613566333166626164643766373834353330356432383135393539
63386136373139653565343533653531306634613461313666633838353064393038313231623233
32643339353936663236646163313761376532646639366537633630356436663163636432373537
65643538353963356661343139353336616262663266633131633062376639313836373535663437
34623330303462323532626137366632616637353736363536343634313162616163353464616134
66336339663061333466376633326263393033336164636566376539346239376163343963373061
35313739363937343637383232333535376266363165646533396535363135353238303338363763
63303534336435666563626663353139356663383238633938323663306431363766356439363534
38393933326264303135623434623031376263303934653532633834636431386334393336373030
37643665383866623732663563323732383930316363383331356634396338393161623933306334
63376463383730653534656339613637383865373965333162663132343764373037366537363931
62636561396463386464326438356434306336663737653635643963376461373961636236626538
33306438643634623939303533333935666462326430646665633230316563663731346439613239
34313433353136626463643037346239303837353035396365313131376538363062366239303166
63346635333665663464626332666139356164633266666431356237616132653635333432626536
66373865303066356564306537396630326466386262323664326339386537353233396337636437
38376434663337663438383339633936316362376664616239616330336562623930303639303338
62313361653565306536386263646435303535316639383761636137343335313661323032616264
36393761663330653232633863346165613330303430393233316233303163653938656331643833
62643032356135396334626332666265323162333335306230333534636430313062613862303334
35663463643639373164303131626466616134303138393534326630626230323663306663383063
36366236333931326338383533623439663964393331393031346135663636666631383162623861
31333463373639393532383765326330376232393431313038663638323466346131313432326337
34626130346332323735346339613537323566396335373964393161616264626165373166313064
36336565393532656263653631643631376637616533353837626661303535363138656138643234
32383931393039303965363230333038393466386261333434343561313161303165623261343337
32613132363733353163613061643630653434633934343330383261396366663639323161626234
34373361646165313065353362393564333363346232386664346238306562343061656463373138
34316265383331626433653132323639653736336231323864363739303862346537343965343936
37356331646166373662393131623838613064306466663839353333646539616533363161326537
37643762613138303565633637306637386536643137303931646432343664623566306135306463
30333333626635323533366537356162303436386663366431353562663066633636313362363436
65636336363030383633376337356137653330313462656234333261383135373030346134613766
35376630353137616166616335343837666437636562366530616263663763316130656639383463
37636566626666343533643035626339653832376662653764623833316138306462663965323666
65653165356663376335323666323261663630613632353539353739653733363530656466356439
63646161653262316265653631343731376561306665653866653565613134666264666331666133
38393130346463336533336466393763386464383738343932613232353438663031653465653039
33326461336562326433356434373534373834373165623938313761316131333261366565303830
61366633366564636438386235646537633237393361333866383866343335356535393233363232
34656166613237363435636665396262323631316666613733643932663534343637356235663039
39666466636339373435346261383334373133313564353939613665303666393132646166396563
35353735616439393130366163373437656466623738623661643536636231653366373639616137
65623962323261343131623836623863653836343062626366313431393833343861326262323134
37326562346465636666383339346136313639373630303333633732353236316465336362633037
38633165363937366663393934363165383663393965383630313535666164373731626135613962
66323465366166383133656436376138386263653765386238656165336436613561623464346434
39303162393361386232316161363464373966386464333432373064636164363032633638313662
32313535393061373939643434363139313062633438383138376231303663383938396234636434
30383437353331366461646364613330366466393064636430343931356537376437316563363362
36656565653434363236336439333866613139633833633634653134356436376362363736666237
32356139366538343035326564376131386337386266653361343939666137313566303937396638
36383036383534356236636163633561653838623562343033316636353264396331333666386236
64623430326366363733613936383463656262626461383938653865626537383735653534373635
64323536373631313762633433393337343134313439633261353161363334346264623865323433
65366264613562366435376265333261306663363064306134313466356130636439613833313032
35333366626465303030626434626335386139623564626466373965613230336232383066333964
35343639623439316165646334393661646538643363333062353833396464343063383637323737
36306566366363386535663766626666393066663163633064643765616236383865343939373865
37333362643532663936363131666263646334373938656431313061343834343061626262356666
66323466613536393138666235333264306663363633316361613065626234356633656139303433
63663165623465353661663335656264306461393033306466643164333936303566343061343761
63663439303732313938356163366430386639623838656134316633643936306530353137393966
61373662656562613031346463303331666635653261356133393761343965363666353335323965
64616663333332313735346235363030393632633733336465663265376530316332333335653239
30643532383139656361303363353239653139336664646335633338396236366634313735373864
36616535366266633161633531356534666634323238373663343439653665313762356461386166
38383534303133383064363335366632373536353837306562656233316264376462323038393237
33323332616139373361323061306538623232343865643861653838353033623539383537626431
61653061663564623130343237366334323230653765643735366136333338663364376666663935
31313330366137633439306237393165663835653138306365656163313863363434653866323264
66343537633337336266393265363436623361353238663039366134383433306132633935616134
32303334663564663338386361396332386431313466373037383333653562633431626166613235
36663439633032336337343935336232353562626237636464346134613834616563653338323538
62343538363438343330366431626137636161376432613931636138383234343938656639656664
34386263333833636465323837303531363661363738303764353065363862656338646162303239
36663564613130346238353539633030356661383531393562643064383136346339336363653664
34643665346331383335636536333236663361383931333134353466646538303663373134396535
66336263356331633463363236356462373535353631663536313364646630383237346232326434
33623761326433616530616363656162333739383434613930366231613162333065346130636535
39663561666466393332643539616334656265303132373933363961646663623030373838623561
66373663623434666438313133393361353739653035636138633231393066663136613166313665
6236
